Date/Time;Cyano;Total Conc.;Turbidity;Depth;Longitude;Latitude;Sensor temp.;LED 1 [470 nm];LED 2 [610 nm];LED 3 [525 nm];LED 4 [700 nm];Cyano;Total cell count;Raw depth data
date;µg/l;µg/l;FTU;m;°;°;°C;digits;digits;digits;digits;cells/ml;cells/ml;m
6/22/2017 10:52:51 AM;1.60;7.30;3.10;0.00;-71.573640;41.515218;33.50;50059.00;14721.00;41422.00;43982.00;1600;4621;0.00
6/22/2017 10:53:25 AM;1.50;7.10;3.00;0.00;-71.573681;41.515176;32.80;50025.00;14475.00;39597.00;43310.00;1500;4468;0.00
6/22/2017 10:53:58 AM;1.70;6.90;2.90;0.00;-71.573688;41.515243;30.20;47155.00;15151.00;38331.00;42029.00;1700;4456;0.00
6/22/2017 11:02:52 AM;1.90;7.40;3.00;0.00;-71.571110;41.513283;30.60;48520.00;15984.00;41650.00;42755.00;1900;4815;0.00
6/22/2017 11:03:26 AM;1.80;8.10;3.00;0.00;-71.571163;41.513358;30.30;54166.00;16463.00;45552.00;42512.00;1800;5139;0.00
6/22/2017 11:04:20 AM;2.00;7.40;2.90;0.00;-71.571335;41.513495;27.40;48114.00;16400.00;41434.00;41344.00;2000;4862;0.00
6/22/2017 11:15:04 AM;1.60;6.50;3.00;0.00;-71.569528;41.510003;31.70;44870.00;14223.00;37825.00;43411.00;1600;4197;0.00
6/22/2017 11:15:28 AM;1.60;6.40;3.00;0.00;-71.569585;41.509990;32.00;44316.00;14422.00;37696.00;43304.00;1600;4144;0.00
6/22/2017 11:15:53 AM;1.70;6.60;3.00;0.00;-71.569555;41.510078;30.60;45429.00;15072.00;37341.00;42482.00;1700;4297;0.00
6/22/2017 11:24:24 AM;1.40;5.90;2.90;0.00;-71.570431;41.508046;31.10;42739.00;13521.00;35321.00;42242.00;1400;3785;0.00
6/22/2017 11:24:47 AM;1.60;6.20;2.90;0.00;-71.570460;41.508003;31.40;43627.00;14420.00;35830.00;42297.00;1600;4038;0.00
6/22/2017 11:25:11 AM;1.70;6.40;2.90;0.00;-71.570491;41.508000;30.30;44108.00;14723.00;35591.00;41890.00;1700;4191;0.00
6/22/2017 11:34:30 AM;1.60;6.30;3.00;0.00;-71.572518;41.508375;31.90;44046.00;14266.00;35948.00;43423.00;1600;4091;0.00
6/22/2017 11:34:57 AM;3.00;7.70;4.60;0.00;-71.572483;41.508341;31.90;43449.00;22572.00;34779.00;60989.00;3000;5395;0.00
6/22/2017 11:35:24 AM;1.60;6.20;2.90;0.00;-71.572495;41.508336;30.20;43299.00;14410.00;35379.00;41997.00;1600;4038;0.00
6/22/2017 11:55:14 AM;1.90;8.60;3.20;0.00;-71.572975;41.510685;37.70;56221.00;16674.00;47854.00;45406.00;1900;5451;0.00
6/22/2017 11:55:43 AM;1.90;8.40;3.30;0.00;-71.572980;41.510701;36.90;55426.00;16776.00;46495.00;45824.00;1900;5345;0.00
6/22/2017 11:56:08 AM;2.10;8.60;3.10;0.00;-71.572975;41.510715;34.10;54643.00;17380.00;47449.00;44563.00;2100;5545;0.00
6/22/2017 12:15:54 PM;1.40;6.30;3.10;0.00;-71.575301;41.512798;36.60;45453.00;13966.00;35963.00;43892.00;1400;3997;0.00
6/22/2017 12:16:19 PM;1.70;6.70;3.10;0.00;-71.575280;41.512806;36.40;45930.00;14748.00;38136.00;44470.00;1700;4350;0.00
6/22/2017 12:16:42 PM;1.50;6.10;3.00;0.00;-71.575316;41.512778;34.10;43851.00;14263.00;34435.00;43013.00;1500;3938;0.00
6/22/2017 1:50:21 PM;2.90;18.10;4.70;0.00;-71.410283;41.725470;35.30;113502.00;30018.00;85194.00;61841.00;2900;10956;0.00
6/22/2017 1:50:48 PM;2.60;19.60;4.70;0.00;-71.410348;41.725566;35.20;123418.00;30568.00;87216.00;62474.00;2600;11466;0.00
6/22/2017 1:51:15 PM;2.60;16.70;4.60;0.00;-71.410293;41.725553;33.30;107069.00;28456.00;79543.00;61407.00;2600;10073;0.00
6/22/2017 1:52:05 PM;2.70;17.90;4.50;0.00;-71.410363;41.725570;29.60;112712.00;29587.00;81355.00;60125.00;2700;10660;0.00
6/22/2017 2:12:44 PM;2.70;17.90;4.00;0.00;-71.411958;41.722811;27.10;111670.00;29578.00;79158.00;54655.00;2700;10596;0.00
6/22/2017 2:13:11 PM;2.90;18.00;4.10;0.00;-71.411843;41.722681;27.70;110740.00;30399.00;78557.00;55388.00;2900;10727;0.00
6/22/2017 2:13:38 PM;2.90;17.60;4.10;0.00;-71.412003;41.722771;27.70;109266.00;30096.00;78869.00;55624.00;2900;10571;0.00
6/22/2017 2:33:56 PM;3.00;16.70;4.30;0.00;-71.411063;41.721523;26.10;101010.00;29791.00;72267.00;57502.00;3000;10085;0.00
6/22/2017 2:34:23 PM;2.80;16.90;4.30;0.00;-71.411048;41.721505;26.80;102687.00;29083.00;72138.00;57933.00;2800;10057;0.00
6/22/2017 2:34:50 PM;2.80;17.00;4.30;0.00;-71.410991;41.721435;27.10;104313.00;29404.00;74276.00;58007.00;2800;10158;0.00
6/22/2017 2:45:48 PM;3.10;19.80;4.50;0.00;-71.414385;41.720478;27.40;123350.00;32485.00;92448.00;59360.00;3100;11951;0.00
6/22/2017 2:46:15 PM;3.20;21.10;4.50;0.00;-71.414423;41.720525;28.00;131304.00;33748.00;99362.00;59894.00;3200;12687;0.00
6/22/2017 2:46:42 PM;3.00;20.60;4.50;0.00;-71.414415;41.720505;28.10;129489.00;32817.00;96429.00;60425.00;3000;12328;0.00
6/22/2017 2:55:08 PM;3.20;19.10;4.60;0.00;-71.413895;41.722523;27.50;119341.00;33035.00;88814.00;61298.00;3200;11619;0.00
6/22/2017 2:55:35 PM;2.80;19.30;4.60;0.00;-71.413950;41.722511;28.00;121827.00;31341.00;88211.00;61205.00;2800;11473;0.00
6/22/2017 2:56:01 PM;3.10;19.30;4.60;0.00;-71.413898;41.722465;28.10;119576.00;32849.00;87030.00;60836.00;3100;11598;0.00
6/22/2017 3:05:09 PM;3.10;20.10;4.60;0.00;-71.415153;41.725150;27.00;123179.00;33110.00;87779.00;61057.00;3100;11950;0.00
6/22/2017 3:05:35 PM;3.30;21.30;4.60;0.00;-71.415165;41.725143;27.60;127374.00;35153.00;89319.00;61130.00;3300;12592;0.00
6/22/2017 3:06:00 PM;3.00;19.30;4.60;0.00;-71.415135;41.725060;27.60;118996.00;32243.00;84961.00;61331.00;3000;11487;0.00
6/22/2017 3:14:14 PM;2.80;19.30;4.40;0.00;-71.414020;41.726811;26.80;118881.00;31343.00;83527.00;59042.00;2800;11345;0.00
6/22/2017 3:14:40 PM;3.00;21.80;4.30;0.00;-71.414006;41.726776;27.40;135159.00;34121.00;96046.00;57822.00;3000;12812;0.00
6/22/2017 3:15:17 PM;3.20;21.10;4.30;0.00;-71.414045;41.726835;27.30;131712.00;34520.00;95773.00;57088.00;3200;12615;0.00
